–Ω–∞—á–∞–ª—å–Ω–∞—è –
 0.328970000D+03  0.117622555D+04  0.201138783D+04  0.286426751D+04  0.374774565D+04  0.466668721D+04  0.562216827D+04  0.661348641D+04 
 0.000000000D+00  0.000000000D+00  0.000000000D+00  0.000000000D+00  0.000000000D+00  0.000000000D+00  0.000000000D+00  0.000000000D+00 
 0.779170000D+03  0.201314963D+04  0.419539820D+04  0.677301923D+04  0.948481131D+04  0.122078525D+05  0.148849413D+05  0.174902123D+05 
 0.175303000D+04  0.168841528D+04  0.163464784D+04  0.159913663D+04  0.158429203D+04  0.159022061D+04  0.161599902D+04  0.166027582D+04 
 0.723592000D+04  0.637663656D+04  0.555570478D+04  0.477161203D+04  0.402310125D+04  0.330903412D+04  0.262832793D+04  0.197992722D+04 
 0.282176500D+05  0.351970744D+05  0.404952541D+05  0.444696368D+05  0.474014501D+05  0.495126075D+05  0.509785204D+05  0.519379749D+05 
 0.223145000D+04  0.177851576D+04  0.141751700D+04  0.112979288D+04  0.900470297D+03  0.717695048D+03  0.572019070D+03  0.455912044D+03 
 0.302136600D+05  0.316553862D+05  0.336287373D+05  0.359286073D+05  0.384160423D+05  0.409937262D+05  0.435921409D+05  0.461612450D+05 
 0.188969200D+05  0.176309829D+05  0.164931756D+05  0.154789988D+05  0.145817810D+05  0.137936939D+05  0.131063738D+05  0.125113153D+05 
 0.174341800D+05  0.790043609D+04 -0.130734620D+04 -0.101960692D+05 -0.187725786D+05 -0.270437738D+05 -0.350166642D+05 -0.426983910D+05 
 0.135913000D+04  0.532649595D+04  0.911285982D+04  0.128224822D+05  0.165039814D+05  0.201798055D+05  0.238601153D+05  0.275493225D+05 
 0.000000000D+00  0.000000000D+00  0.000000000D+00  0.000000000D+00  0.000000000D+00  0.000000000D+00  0.000000000D+00  0.000000000D+00 
 0.998310000D+04  0.119968473D+05  0.160411220D+05  0.209037908D+05  0.260223683D+05  0.311399869D+05  0.361433244D+05  0.409862437D+05 
 0.169404300D+05  0.154664985D+05  0.141568383D+05  0.130213282D+05  0.120537630D+05  0.112414921D+05  0.105698479D+05  0.100241306D+05 
 0.553825600D+05  0.529317326D+05  0.505368295D+05  0.482031177D+05  0.459360769D+05  0.437405836D+05  0.416206213D+05  0.395792271D+05 
 0.899800000D+03  0.848348833D+04  0.154243145D+05  0.217947050D+05  0.276506762D+05  0.330383137D+05  0.379971318D+05  0.425618994D+05 
 0.000000000D+00  0.000000000D+00  0.000000000D+00  0.000000000D+00  0.000000000D+00  0.000000000D+00  0.000000000D+00  0.000000000D+00 
 0.124162100D+05  0.128947162D+05  0.141932174D+05  0.159702432D+05  0.180396794D+05  0.202937325D+05  0.226653479D+05  0.251095939D+05 
 0.177149400D+05  0.171815360D+05  0.165486077D+05  0.158401972D+05  0.150740192D+05  0.142639691D+05  0.134214217D+05  0.125559351D+05 
 0.505375500D+05  0.442315386D+05  0.382291987D+05  0.325094555D+05  0.270535818D+05  0.218447557D+05  0.168677666D+05  0.121087991D+05 
 0.703610000D+03  0.350390281D+04  0.542090456D+04  0.676987975D+04  0.774063915D+04  0.845107983D+04  0.897652680D+04  0.936634370D+04 
 0.000000000D+00  0.000000000D+00  0.000000000D+00  0.000000000D+00  0.000000000D+00  0.000000000D+00  0.000000000D+00  0.000000000D+00 
 0.876482000D+04  0.105415537D+05  0.133472752D+05  0.164999691D+05  0.196853360D+05  0.227624584D+05  0.256720609D+05  0.283931625D+05 
 0.551696000D+04  0.636977431D+04  0.694958853D+04  0.730048415D+04  0.745422503D+04  0.743594718D+04  0.726688358D+04  0.696568897D+04 
 0.227972400D+05  0.206032791D+05  0.185070672D+05  0.164921659D+05  0.145449778D+05  0.126540205D+05  0.108095113D+05  0.900310296D+04 
 0.160897700D+05  0.282071555D+05  0.335003583D+05  0.356146633D+05  0.362609995D+05  0.362408229D+05  0.359282789D+05  0.354969703D+05 
 0.000000000D+00  0.000000000D+00  0.000000000D+00  0.000000000D+00  0.000000000D+00  0.000000000D+00  0.000000000D+00  0.000000000D+00 
 0.309592900D+05  0.328183841D+05  0.364343022D+05  0.408825651D+05  0.456842984D+05  0.505827793D+05  0.554351364D+05  0.601590551D+05 
 0.221944300D+05  0.202018388D+05  0.185041048D+05  0.171083943D+05  0.159978679D+05  0.151458140D+05  0.145224320D+05  0.140980646D+05 
 0.950311700D+05  0.761306922D+05  0.578697150D+05  0.402493446D+05  0.232713547D+05  0.693575629D+04 -0.876011122D+04 -0.238217704D+05 
 0.134000000D+03  0.339355186D+04  0.647643133D+04  0.942779293D+04  0.122739452D+05  0.150311778D+05  0.177101830D+05  0.203183389D+05 
 0.000000000D+00  0.000000000D+00  0.000000000D+00  0.000000000D+00  0.000000000D+00  0.000000000D+00  0.000000000D+00  0.000000000D+00 
 0.187250000D+04  0.433980017D+04  0.811190240D+04  0.124813056D+05  0.170823670D+05  0.217198205D+05  0.262856707D+05  0.307183017D+05 
 0.196204000D+04  0.176428088D+04  0.165285527D+04  0.164962161D+04  0.175602611D+04  0.196419365D+04  0.226234909D+04  0.263748521D+04 
 0.323561900D+05  0.289043750D+05  0.255687570D+05  0.223533920D+05  0.192643624D+05  0.163076554D+05  0.134882348D+05  0.108096915D+05 
–Ω–∞—á–∞–ª—å–Ω–∞—è –
 0.246517000D+07  0.246517000D+07  0.246517000D+07  0.246517000D+07  0.246517000D+07  0.246517000D+07  0.246517000D+07  0.246517000D+07 
–ù–ê–ß–ê–õ–¨–ù–´–ï –
–ù–ê–ß–ê–õ–¨–ù–û–ï U
 0.148896655D+03  0.148896655D+03  0.148896655D+03  0.148896655D+03  0.148896655D+03  0.148896655D+03  0.148896655D+03  0.148896655D+03 
 0.308625435D+04  0.308625435D+04  0.308625435D+04  0.308625435D+04  0.308625435D+04  0.308625435D+04  0.308625435D+04  0.308625435D+04 
 0.105385162D+03  0.105385162D+03  0.105385162D+03  0.105385162D+03  0.105385162D+03  0.105385162D+03  0.105385162D+03  0.105385162D+03 
 0.118238177D+04  0.118238177D+04  0.118238177D+04  0.118238177D+04  0.118238177D+04  0.118238177D+04  0.118238177D+04  0.118238177D+04 
 0.492322114D+03  0.492322114D+03  0.492322114D+03  0.492322114D+03  0.492322114D+03  0.492322114D+03  0.492322114D+03  0.492322114D+03 
 0.355172445D+04  0.355172445D+04  0.355172445D+04  0.355172445D+04  0.355172445D+04  0.355172445D+04  0.355172445D+04  0.355172445D+04 
 0.731531434D+03  0.731531434D+03  0.731531434D+03  0.731531434D+03  0.731531434D+03  0.731531434D+03  0.731531434D+03  0.731531434D+03 
–ù–ê–ß–ê–õ–¨–ù–û–ï U
 0.000000000D+00  0.000000000D+00  0.000000000D+00  0.000000000D+00  0.000000000D+00  0.000000000D+00  0.000000000D+00  0.000000000D+00 
 0.000000000D+00  0.000000000D+00  0.000000000D+00  0.000000000D+00  0.000000000D+00  0.000000000D+00  0.000000000D+00  0.000000000D+00 
 0.000000000D+00  0.000000000D+00  0.000000000D+00  0.000000000D+00  0.000000000D+00  0.000000000D+00  0.000000000D+00  0.000000000D+00 
 0.000000000D+00  0.000000000D+00  0.000000000D+00  0.000000000D+00  0.000000000D+00  0.000000000D+00  0.000000000D+00  0.000000000D+00 
 0.000000000D+00  0.000000000D+00  0.000000000D+00  0.000000000D+00  0.000000000D+00  0.000000000D+00  0.000000000D+00  0.000000000D+00 
 0.000000000D+00  0.000000000D+00  0.000000000D+00  0.000000000D+00  0.000000000D+00  0.000000000D+00  0.000000000D+00  0.000000000D+00 
 0.000000000D+00  0.000000000D+00  0.000000000D+00  0.000000000D+00  0.000000000D+00  0.000000000D+00  0.000000000D+00  0.000000000D+00 
–ù–ê–ß–ê–õ–¨–ù–û–ï V
 0.391300391D+05  0.391300391D+05  0.391300391D+05  0.391300391D+05  0.391300391D+05  0.391300391D+05  0.391300391D+05  0.391300391D+05 
 0.975256375D+06  0.975256375D+06  0.975256375D+06  0.975256375D+06  0.975256375D+06  0.975256375D+06  0.975256375D+06  0.975256375D+06 
 0.319000898D+05  0.319000898D+05  0.319000898D+05  0.319000898D+05  0.319000898D+05  0.319000898D+05  0.319000898D+05  0.319000898D+05 
 0.300679688D+06  0.300679688D+06  0.300679688D+06  0.300679688D+06  0.300679688D+06  0.300679688D+06  0.300679688D+06  0.300679688D+06 
 0.146416594D+06  0.146416594D+06  0.146416594D+06  0.146416594D+06  0.146416594D+06  0.146416594D+06  0.146416594D+06  0.146416594D+06 
 0.746323875D+06  0.746323875D+06  0.746323875D+06  0.746323875D+06  0.746323875D+06  0.746323875D+06  0.746323875D+06  0.746323875D+06 
 0.225465297D+06  0.225465297D+06  0.225465297D+06  0.225465297D+06  0.225465297D+06  0.225465297D+06  0.225465297D+06  0.225465297D+06 
–ù–ê–ß–ê–õ–¨–ù–û–ï U
 0.000000000D+00  0.000000000D+00  0.000000000D+00  0.000000000D+00  0.000000000D+00  0.000000000D+00  0.000000000D+00  0.000000000D+00 
